# Task ID: task_1783739673
# Timestamp: 20260711_111443
# Keypoints: 272 (关键转折点，密化前)
# Format: x(m), y(m)
#--------------------------------------------------
-69.346758, -93.721128
-68.193513, -113.861736
-68.071155, -114.328445
-67.789123, -114.699130
-67.388668, -114.937007
-66.911043, -115.005293
-66.641485, -114.989858
-66.174775, -114.867500
-65.804091, -114.585468
-65.566214, -114.185013
-65.497928, -113.707388
-67.184922, -84.245235
-67.116636, -83.767610
-66.878759, -83.367155
-66.508075, -83.085123
-66.041365, -82.962765
-65.771807, -82.947330
-65.294182, -83.015616
-64.893727, -83.253493
-64.611695, -83.624178
-64.489337, -84.090887
-61.563351, -135.191168
-61.440993, -135.657877
-61.158961, -136.028562
-60.758507, -136.266438
-60.280881, -136.334724
-60.011323, -136.319289
-59.544614, -136.196931
-59.173929, -135.914899
-58.936052, -135.514445
-58.867767, -135.036820
-62.612174, -69.643386
-62.543888, -69.165761
-62.306011, -68.765307
-61.935327, -68.483275
-61.468617, -68.360916
-61.199059, -68.345482
-60.721434, -68.413767
-60.320979, -68.651644
-60.038947, -69.022329
-59.916589, -69.489038
-54.933190, -156.520600
-54.810831, -156.987309
-54.528799, -157.357993
-54.128345, -157.595870
-53.650720, -157.664156
-53.381161, -157.648721
-52.914452, -157.526363
-52.543768, -157.244331
-52.305891, -156.843877
-52.237605, -156.366251
-57.520394, -64.106066
-57.452108, -63.628441
-57.214231, -63.227986
-56.843547, -62.945954
-56.376837, -62.823596
-56.107279, -62.808161
-55.629654, -62.876447
-55.229199, -63.114324
-54.947167, -63.485008
-54.824809, -63.951718
-48.585633, -172.914537
-48.463275, -173.381246
-48.181243, -173.751931
-47.780788, -173.989807
-47.303163, -174.058093
-47.033604, -174.042658
-46.566895, -173.920300
-46.196211, -173.638268
-45.958334, -173.237814
-45.890048, -172.760189
-52.422897, -58.668582
-52.354611, -58.190957
-52.116735, -57.790502
-51.746050, -57.508470
-51.279341, -57.386112
-51.009782, -57.370677
-50.532157, -57.438963
-50.131703, -57.676840
-49.849671, -58.047525
-49.727313, -58.514234
-42.668791, -181.786341
-42.546433, -182.253050
-42.264401, -182.623735
-41.863946, -182.861612
-41.386321, -182.929897
-41.116763, -182.914463
-40.650053, -182.792104
-40.279369, -182.510073
-40.041492, -182.109618
-39.973206, -181.631993
-47.325401, -53.231098
-47.257115, -52.753473
-47.019238, -52.353018
-46.648554, -52.070986
-46.181844, -51.948628
-45.912286, -51.933193
-45.434661, -52.001479
-45.034206, -52.239356
-44.752174, -52.610041
-44.629816, -53.076750
-36.746232, -190.757982
-36.623874, -191.224691
-36.341842, -191.595375
-35.941388, -191.833252
-35.463763, -191.901538
-35.194204, -191.886103
-34.727495, -191.763745
-34.356810, -191.481713
-34.118934, -191.081259
-34.050648, -190.603633
-42.227904, -47.793614
-42.159618, -47.315989
-41.921742, -46.915534
-41.551057, -46.633502
-41.084348, -46.511144
-40.814789, -46.495710
-40.337164, -46.563995
-39.936710, -46.801872
-39.654678, -47.172557
-39.532319, -47.639266
-30.817957, -199.829459
-30.695599, -200.296168
-30.413567, -200.666852
-30.013113, -200.904729
-29.535488, -200.973015
-29.265929, -200.957580
-28.799220, -200.835222
-28.428535, -200.553190
-28.190659, -200.152736
-28.122373, -199.675110
-37.130408, -42.356130
-37.062122, -41.878505
-36.824245, -41.478051
-36.453560, -41.196019
-35.986851, -41.073660
-35.717293, -41.058226
-35.239667, -41.126511
-34.839213, -41.364388
-34.557181, -41.735073
-34.434823, -42.201782
-24.989536, -207.157059
-24.867178, -207.623768
-24.585146, -207.994453
-24.184692, -208.232329
-23.707066, -208.300615
-23.437508, -208.285180
-22.970799, -208.162822
-22.600114, -207.880790
-22.362237, -207.480336
-22.293952, -207.002711
-32.027194, -37.018483
-31.958909, -36.540857
-31.721032, -36.140403
-31.350347, -35.858371
-30.883638, -35.736013
-30.614080, -35.720578
-30.136454, -35.788864
-29.736000, -36.026741
-29.453968, -36.397425
-29.331610, -36.864134
-19.980784, -200.169720
-19.858426, -200.636429
-19.576394, -201.007114
-19.175939, -201.244991
-18.698314, -201.313277
-18.428755, -201.297842
-17.962046, -201.175484
-17.591362, -200.893452
-17.353485, -200.492997
-17.285199, -200.015372
-26.929698, -31.580999
-26.861412, -31.103374
-26.623535, -30.702919
-26.252851, -30.420887
-25.786141, -30.298529
-25.516583, -30.283094
-25.038958, -30.351380
-24.638503, -30.589257
-24.356471, -30.959941
-24.234113, -31.426651
-14.977748, -193.082545
-14.855390, -193.549254
-14.573358, -193.919939
-14.172904, -194.157816
-13.695278, -194.226102
-13.425720, -194.210667
-12.959011, -194.088309
-12.588326, -193.806277
-12.350449, -193.405822
-12.282163, -192.928197
-21.832201, -26.143515
-21.763915, -25.665890
-21.526039, -25.265435
-21.155354, -24.983403
-20.688645, -24.861045
-20.419086, -24.845610
-19.941461, -24.913896
-19.541007, -25.151773
-19.258975, -25.522458
-19.136617, -25.989167
-9.968996, -186.095207
-9.846637, -186.561916
-9.564606, -186.932601
-9.164151, -187.170477
-8.686526, -187.238763
-8.416967, -187.223328
-7.950258, -187.100970
-7.579574, -186.818938
-7.341697, -186.418484
-7.273411, -185.940859
-16.734705, -20.706031
-16.666419, -20.228406
-16.428542, -19.827951
-16.057858, -19.545919
-15.591148, -19.423561
-15.321590, -19.408126
-14.843965, -19.476412
-14.443510, -19.714289
-14.161478, -20.084974
-14.039120, -20.551683
-4.954527, -179.207705
-4.832168, -179.674414
-4.550137, -180.045099
-4.149682, -180.282975
-3.672057, -180.351261
-3.402498, -180.335826
-2.935789, -180.213468
-2.565105, -179.931436
-2.327228, -179.530982
-2.258942, -179.053357
-11.637208, -15.268547
-11.568922, -14.790922
-11.331046, -14.390467
-10.960361, -14.108435
-10.493652, -13.986077
-10.224093, -13.970642
-9.746468, -14.038928
-9.346014, -14.276805
-9.063982, -14.647490
-8.941624, -15.114199
0.054226, -172.220366
0.176584, -172.687075
0.458616, -173.057760
0.859070, -173.295637
1.336696, -173.363923
1.606254, -173.348488
2.072963, -173.226130
2.443648, -172.944098
2.681525, -172.543643
2.749810, -172.066018
-6.545428, -9.731227
-6.477142, -9.253601
-6.239266, -8.853147
-5.868581, -8.571115
-5.401872, -8.448757
-5.132313, -8.433322
-4.654688, -8.501608
-4.254234, -8.739485
-3.972202, -9.110169
-3.849844, -9.576878
5.057262, -165.133191
5.179620, -165.599900
5.461652, -165.970585
5.862106, -166.208462
6.339731, -166.276748
6.609290, -166.261313
7.075999, -166.138955
7.446684, -165.856923
7.684560, -165.456468
7.752846, -164.978843
-1.517388, -3.080730
