# Task ID: task_1780052261
# Timestamp: 20260529_185750
# Keypoints: 32 (关键转折点，密化前)
# Format: x(m), y(m)
#--------------------------------------------------
-1.096494, -1.266341
-27.257818, -66.214074
-27.345961, -66.688436
-27.248736, -67.143954
-26.987792, -67.529774
-26.584777, -67.795043
-26.334331, -67.895924
-25.859969, -67.984067
-25.404451, -67.886842
-25.018631, -67.625898
-24.753361, -67.222883
-5.403299, -19.184692
-5.138030, -18.781677
-4.752210, -18.520733
-4.296692, -18.423508
-3.822329, -18.511651
-3.571884, -18.612532
-3.168869, -18.877802
-2.907925, -19.263622
-2.810700, -19.719139
-2.898843, -20.193502
-12.218967, -43.331510
-12.307110, -43.805873
-12.209885, -44.261390
-11.948940, -44.647210
-11.545925, -44.912480
-11.295480, -45.013361
-10.821117, -45.101504
-10.365600, -45.004279
-9.979780, -44.743335
-9.714510, -44.340320
-3.063025, -27.827438
