# Task ID: task_1780051475
# Timestamp: 20260529_184444
# Keypoints: 332 (关键转折点，密化前)
# Format: x(m), y(m)
#--------------------------------------------------
73.436930, -112.842176
74.882202, -113.216725
75.363971, -113.242945
75.803142, -113.087777
76.152081, -112.779247
76.363152, -112.345383
76.430886, -112.084017
76.457106, -111.602248
76.301938, -111.163076
75.993408, -110.814137
75.559543, -110.603067
73.442769, -110.054495
73.008905, -109.843424
72.700375, -109.494486
72.545206, -109.055314
72.571427, -108.573545
72.639161, -108.312179
72.850231, -107.878315
73.199170, -107.569785
73.638342, -107.414616
74.120111, -107.440837
77.784424, -108.390461
78.266194, -108.416681
78.705365, -108.261513
79.054304, -107.952983
79.265374, -107.519119
79.333109, -107.257753
79.359329, -106.775984
79.204161, -106.336812
78.895631, -105.987873
78.461766, -105.776803
71.102156, -103.869525
70.668292, -103.658455
70.359762, -103.309516
70.204593, -102.870344
70.230814, -102.388575
70.298548, -102.127209
70.509618, -101.693345
70.858557, -101.384815
71.297729, -101.229647
71.779498, -101.255867
80.589845, -103.539110
81.071614, -103.565331
81.510786, -103.410162
81.859725, -103.101632
82.070795, -102.667768
82.138529, -102.406402
82.164750, -101.924633
82.009581, -101.485461
81.701051, -101.136523
81.267187, -100.925452
68.858345, -97.709642
68.424481, -97.498572
68.115951, -97.149633
67.960782, -96.710461
67.987003, -96.228692
68.054737, -95.967326
68.265807, -95.533462
68.614746, -95.224932
69.053918, -95.069764
69.535687, -95.095984
83.492068, -98.712847
83.973837, -98.739067
84.413009, -98.583899
84.761948, -98.275369
84.973018, -97.841504
85.040752, -97.580138
85.066973, -97.098369
84.911804, -96.659198
84.603274, -96.310259
84.169410, -96.099189
66.517732, -91.524672
66.083867, -91.313602
65.775337, -90.964663
65.620169, -90.525492
65.646390, -90.043723
65.714124, -89.782357
65.925194, -89.348492
66.274133, -89.039962
66.713305, -88.884794
67.195074, -88.911014
86.394291, -93.886583
86.876060, -93.912803
87.315232, -93.757635
87.664171, -93.449105
87.875241, -93.015240
87.942975, -92.753875
87.969195, -92.272106
87.814027, -91.832934
87.505497, -91.483995
87.071633, -91.272925
59.876240, -84.225110
59.442375, -84.014039
59.133845, -83.665101
58.978677, -83.225929
59.004897, -82.744160
59.072632, -82.482794
59.283702, -82.048930
59.632641, -81.740400
60.071813, -81.585231
60.553582, -81.611452
89.393316, -89.085406
89.875085, -89.111626
90.314257, -88.956458
90.663196, -88.647928
90.874266, -88.214063
90.942000, -87.952698
90.968220, -87.470928
90.813052, -87.031757
90.504522, -86.682818
90.070658, -86.471748
46.535499, -75.189405
46.101635, -74.978335
45.793105, -74.629396
45.637937, -74.190224
45.664157, -73.708455
45.731891, -73.447089
45.942962, -73.013225
46.291900, -72.704695
46.731072, -72.549526
47.212841, -72.575747
92.295539, -84.259142
92.777308, -84.285362
93.216480, -84.130194
93.565418, -83.821664
93.776489, -83.387799
93.844223, -83.126434
93.870443, -82.644665
93.715275, -82.205493
93.406745, -81.856554
92.972881, -81.645484
37.291571, -67.215408
36.857707, -67.004338
36.549177, -66.655399
36.394008, -66.216227
36.420229, -65.734458
36.487963, -65.473093
36.699033, -65.039228
37.047972, -64.730698
37.487144, -64.575530
37.968913, -64.601750
95.100959, -79.407791
95.582728, -79.434012
96.021900, -79.278843
96.370839, -78.970313
96.581909, -78.536449
96.649644, -78.275083
96.675864, -77.793314
96.520696, -77.354142
96.212166, -77.005203
95.778301, -76.794133
33.926726, -60.765004
33.492862, -60.553934
33.184332, -60.204995
33.029164, -59.765823
33.055384, -59.284054
33.123118, -59.022688
33.334188, -58.588824
33.683127, -58.280294
34.122299, -58.125126
34.604068, -58.151346
98.003182, -74.581527
98.484951, -74.607748
98.924123, -74.452579
99.273062, -74.144049
99.484132, -73.710185
99.551866, -73.448819
99.578087, -72.967050
99.422918, -72.527878
99.114388, -72.178940
98.680524, -71.967869
30.465079, -54.289513
30.031215, -54.078443
29.722685, -53.729504
29.567517, -53.290332
29.593737, -52.808563
29.661471, -52.547198
29.872542, -52.113333
30.221480, -51.804803
30.660652, -51.649635
31.142421, -51.675855
101.002207, -69.780350
101.483976, -69.806571
101.923148, -69.651402
102.272087, -69.342872
102.483157, -68.909008
102.550891, -68.647642
102.577112, -68.165873
102.421943, -67.726701
102.113413, -67.377762
101.679549, -67.166692
27.197037, -47.864196
26.763173, -47.653126
26.454643, -47.304187
26.299474, -46.865015
26.325695, -46.383246
26.393429, -46.121880
26.604499, -45.688016
26.953438, -45.379486
27.392610, -45.224317
27.874379, -45.250538
103.904430, -64.954086
104.386199, -64.980307
104.825371, -64.825138
105.174310, -64.516608
105.385380, -64.082744
105.453114, -63.821378
105.479335, -63.339609
105.324166, -62.900437
105.015636, -62.551499
104.581772, -62.340428
23.832192, -41.413792
23.398328, -41.202722
23.089798, -40.853783
22.934629, -40.414611
22.960850, -39.932842
23.028584, -39.671476
23.239654, -39.237612
23.588593, -38.929082
24.027765, -38.773913
24.509534, -38.800134
106.806653, -60.127823
107.288422, -60.154043
107.727594, -59.998875
108.076533, -59.690345
108.287603, -59.256480
108.355337, -58.995114
108.381558, -58.513345
108.226389, -58.074174
107.917859, -57.725235
107.483995, -57.514165
20.467348, -34.963388
20.033483, -34.752317
19.724953, -34.403379
19.569785, -33.964207
19.596005, -33.482438
19.663739, -33.221072
19.874810, -32.787208
20.223749, -32.478678
20.662920, -32.323509
21.144689, -32.349730
109.129578, -55.151431
109.611347, -55.177651
110.050519, -55.022483
110.399458, -54.713953
110.610528, -54.280089
110.678262, -54.018723
110.704483, -53.536954
110.549315, -53.097782
110.240784, -52.748843
109.806920, -52.537773
17.102503, -28.512984
16.668638, -28.301913
16.360108, -27.952974
16.204940, -27.513803
16.231161, -27.032034
16.298895, -26.770668
16.509965, -26.336803
16.858904, -26.028273
17.298076, -25.873105
17.779845, -25.899326
111.414991, -50.165318
111.896760, -50.191538
112.335932, -50.036370
112.684871, -49.727840
112.895941, -49.293976
112.963675, -49.032610
112.989896, -48.550841
112.834727, -48.111669
112.526197, -47.762730
112.092333, -47.551660
14.784097, -22.333769
14.350232, -22.122699
14.041702, -21.773760
13.886534, -21.334588
13.912754, -20.852819
13.980489, -20.591453
14.191559, -20.157589
14.540498, -19.849059
14.979669, -19.693890
15.461439, -19.720111
113.797206, -45.204291
114.278975, -45.230512
114.718147, -45.075344
115.067086, -44.766814
115.278156, -44.332949
115.345890, -44.071583
115.372111, -43.589814
115.216942, -43.150643
114.908412, -42.801704
114.474548, -42.590634
10.276011, -15.587089
9.842147, -15.376018
9.533617, -15.027079
9.378449, -14.587908
9.404669, -14.106139
9.472403, -13.844773
9.683473, -13.410908
10.032412, -13.102378
10.471584, -12.947210
10.953353, -12.973431
116.082619, -40.218178
116.564388, -40.244399
117.003559, -40.089230
117.352498, -39.780700
117.563569, -39.346836
117.631303, -39.085470
117.657523, -38.603701
117.502355, -38.164530
117.193825, -37.815591
116.759960, -37.604520
7.007969, -9.161771
6.574104, -8.950701
6.265574, -8.601762
6.110406, -8.162590
6.136627, -7.680821
6.204361, -7.419455
6.415431, -6.985591
6.764370, -6.677061
7.203542, -6.521893
7.685311, -6.548113
118.271229, -35.206979
118.752998, -35.233199
119.192170, -35.078031
119.541109, -34.769501
119.752179, -34.335636
119.819913, -34.074270
119.846134, -33.592501
119.690965, -33.153330
119.382435, -32.804391
118.948571, -32.593321
2.370176, -2.381477
