121.49828413,31.20095635
121.49902617,31.19996163
121.49966067,31.20068089
121.49989430,31.20101101
121.49989430,31.20101101
121.49844881,31.20159614
121.49843674,31.20157411
121.49987675,31.20099119
121.49986468,31.20096916
121.49825331,31.20162144
121.49824124,31.20159940
121.49984713,31.20094934
121.49983506,31.20092730
121.49837467,31.20151847
121.49836260,31.20149644
121.49981656,31.20090787
121.49980449,31.20088583
121.49839612,31.20145595
121.49838404,31.20143391
121.49978694,31.20086602
121.49977487,31.20084398
121.49892678,31.20118729
121.49891471,31.20116526
121.49975732,31.20082416
121.49974525,31.20080213
121.49893896,31.20112852
121.49892689,31.20110649
121.49972770,31.20078231
121.49971563,31.20076028
121.49895303,31.20106898
121.49894096,31.20104694
121.49969903,31.20074007
121.49968696,31.20071804
121.49896521,31.20101021
121.49895314,31.20098817
121.49966786,31.20069885
121.49965579,31.20067681
121.49826662,31.20123915
121.49825455,31.20121712
121.49963286,31.20065917
121.49962079,31.20063714
121.49938852,31.20073117
121.49937644,31.20070913
121.49959786,31.20061950
121.49958579,31.20059746
121.49821388,31.20115282
121.49820180,31.20113078
121.49956286,31.20057982
121.49955079,31.20055779
121.49820389,31.20110302
121.49819182,31.20108098
121.49952881,31.20053976
121.49951674,31.20051773
121.49826143,31.20102588
121.49824936,31.20100385
121.49949381,31.20050009
121.49948174,31.20047806
121.49831897,31.20094875
121.49830690,31.20092671
121.49945881,31.20046042
121.49944674,31.20043838
121.49837557,31.20087200
121.49836349,31.20084996
121.49942286,31.20042112
121.49941079,31.20039909
121.49898632,31.20057092
121.49897425,31.20054888
121.49938786,31.20038145
121.49937579,31.20035941
121.49899325,31.20051427
121.49898118,31.20049223
121.49935286,31.20034177
121.49934079,31.20031974
121.49895416,31.20047625
121.49894208,31.20045422
121.49931881,31.20030172
121.49930674,31.20027968
121.49890604,31.20044189
121.49889397,31.20041985
121.49928381,31.20026204
121.49927174,31.20024001
121.49866422,31.20048593
121.49865215,31.20046390
121.49924881,31.20022237
121.49923674,31.20020033
121.49872082,31.20040918
121.49870874,31.20038715
121.49921382,31.20018269
121.49920174,31.20016066
121.49877836,31.20033204
121.49876629,31.20031001
121.49917787,31.20014340
121.49916579,31.20012136
121.49886393,31.20024356
121.49885186,31.20022153
121.49914287,31.20010372
121.49913080,31.20008169
121.49889439,31.20017739
121.49888232,31.20015535
121.49910787,31.20006405
121.49909580,31.20004201
121.49895193,31.20010025
121.49893986,31.20007822
121.49907382,31.20002399
121.49906175,31.20000196
121.49900947,31.20002312
121.49899740,31.20000108
121.49904425,31.19998212
121.49966067,31.20068089
121.49990911,31.20103193
121.49903543,31.20138560
121.49892231,31.20117913
121.49836447,31.20140494
121.49835344,31.20138648
121.49889215,31.20116841
121.49888187,31.20114964
121.49834241,31.20136801
121.49833213,31.20134924
121.49888489,31.20112548
121.49887461,31.20110671
121.49832130,31.20133069
121.49831101,31.20131192
121.49886586,31.20108732
121.49885558,31.20106855
121.49829924,31.20129375
121.49828895,31.20127498
121.49885731,31.20104491
121.49884702,31.20102614
121.49827622,31.20125720
121.49824313,31.20120180
121.49936782,31.20074652
121.49935754,31.20072775
121.49823210,31.20118333
121.49817994,31.20109601
121.49838547,31.20082050
121.49887089,31.20062400
121.49885971,31.20060360
121.49844993,31.20076948
121.49843875,31.20074907
121.49886140,31.20057799
121.49885022,31.20055758
121.49850416,31.20069767
121.49849298,31.20067727
121.49887505,31.20052261
121.49886387,31.20050220
121.49855744,31.20062625
121.49854626,31.20060584
121.49888775,31.20046761
121.49887658,31.20044721
121.49861072,31.20055483
121.49859954,31.20053442
121.49867423,31.20050419
121.49866305,31.20048379
121.49862523,31.20049910
121.49828413,31.20095635