# point: 120.425095,30.654390
# Task ID: task_1769442617
# Timestamp: 20260126_235026
# Keypoints: 76 (关键转折点，密化前)
# Format: longitude(deg), latitude(deg)
#--------------------------------------------------
120.42449473, 30.65516094
120.42444105, 30.65511979
120.42445981, 30.65510168
120.42451274, 30.65514227
120.42453150, 30.65512416
120.42437128, 30.65500133
120.42439003, 30.65498322
120.42455033, 30.65510611
120.42456909, 30.65508800
120.42430228, 30.65488346
120.42432104, 30.65486535
120.42458792, 30.65506995
120.42460668, 30.65505184
120.42425046, 30.65477875
120.42426921, 30.65476064
120.42462551, 30.65503379
120.42464427, 30.65501568
120.42421116, 30.65468365
120.42422991, 30.65466554
120.42466310, 30.65499763
120.42468186, 30.65497953
120.42417719, 30.65459263
120.42419595, 30.65457453
120.42470069, 30.65496147
120.42471945, 30.65494337
120.42417645, 30.65452709
120.42419521, 30.65450898
120.42473828, 30.65492532
120.42475704, 30.65490721
120.42417415, 30.65446035
120.42419291, 30.65444224
120.42477587, 30.65488916
120.42479463, 30.65487105
120.42417263, 30.65439421
120.42419139, 30.65437610
120.42481346, 30.65485300
120.42483222, 30.65483489
120.42417189, 30.65432867
120.42419065, 30.65431056
120.42485105, 30.65481684
120.42486981, 30.65479873
120.42417037, 30.65426252
120.42418913, 30.65424442
120.42488353, 30.65477676
120.42490228, 30.65475865
120.42416807, 30.65419578
120.42418683, 30.65417768
120.42490674, 30.65472958
120.42492550, 30.65471147
120.42416655, 30.65412964
120.42418531, 30.65411154
120.42492917, 30.65468180
120.42494793, 30.65466369
120.42416581, 30.65406410
120.42418457, 30.65404599
120.42495316, 30.65463522
120.42497192, 30.65461711
120.42416351, 30.65399736
120.42418227, 30.65397925
120.42497638, 30.65458804
120.42499513, 30.65456993
120.42416199, 30.65393122
120.42418075, 30.65391311
120.42499959, 30.65454086
120.42501835, 30.65452275
120.42416125, 30.65386567
120.42418000, 30.65384757
120.42502280, 30.65449368
120.42504156, 30.65447557
120.42415973, 30.65379953
120.42417848, 30.65378143
120.42504524, 30.65444590
120.42506399, 30.65442779
120.42415743, 30.65373279
120.42417618, 30.65371469
120.42507638, 30.65440480
