# point: 120.425095,30.654390
# Task ID: task_1769442617
# Timestamp: 20260126_235026
# Keypoints: 76 (关键转折点，密化前)
# Format: x(m), y(m)
#--------------------------------------------------
-57.484417, 85.821465
-62.625111, 81.240286
-60.828773, 79.224555
-55.759201, 83.742354
-53.962863, 81.726624
-69.306752, 68.052766
-67.510414, 66.037036
-52.159454, 79.717194
-50.363116, 77.701463
-75.913737, 54.931778
-74.117399, 52.916048
-48.559708, 75.692034
-46.763370, 73.676303
-80.876959, 43.275645
-79.080621, 41.259914
-44.959961, 71.666873
-43.163623, 69.651143
-84.640357, 32.688746
-82.844019, 30.673016
-41.360215, 67.641713
-39.563877, 65.625982
-87.892727, 22.557256
-86.096389, 20.541525
-37.760469, 63.616553
-35.964131, 61.600822
-87.963694, 15.260903
-86.167356, 13.245173
-34.160722, 59.591392
-32.364384, 57.575662
-88.183975, 7.831489
-86.387637, 5.815758
-30.560976, 55.566232
-28.764638, 53.550501
-88.329599, 0.468605
-86.533261, -1.547126
-26.961229, 51.541072
-25.164891, 49.525341
-88.400566, -6.827748
-86.604228, -8.843478
-23.361483, 47.515911
-21.565145, 45.500181
-88.546190, -14.190631
-86.749852, -16.206362
-20.251601, 43.054204
-18.455263, 41.038473
-88.766470, -21.620046
-86.970132, -23.635777
-18.028662, 37.802088
-16.232324, 35.786357
-88.912094, -28.982930
-87.115756, -30.998660
-15.880380, 32.483441
-14.084042, 30.467710
-88.983061, -36.279282
-87.186723, -38.295013
-13.582785, 27.297856
-11.786447, 25.282125
-89.203342, -43.708697
-87.407004, -45.724428
-11.359846, 22.045740
-9.563508, 20.030009
-89.348966, -51.071581
-87.552628, -53.087311
-9.136908, 16.793624
-7.340570, 14.777893
-89.419933, -58.367933
-87.623595, -60.383664
-6.913969, 11.541508
-5.117631, 9.525777
-89.565557, -65.730817
-87.769219, -67.746547
-4.765687, 6.222861
-2.969349, 4.207130
-89.785838, -73.160232
-87.989500, -75.175962
-1.783223, 1.647603
